camera_matrix:
- - 2257.8014339260844
  - 0.0
  - 1604.6532378562167
- - 0.0
  - 2243.968472247511
  - 1494.5383498652154
- - 0.0
  - 0.0
  - 1.0
dist_coeff:
- - 0.012339280202002458
  - -0.004325057331225892
  - -0.0016693336641732583
  - 0.0001847150138073894
  - -0.0022134308957403835
